cstarTable = [
20 6 1604.7
24 6 1605.9
28 6 1606.9
32 6 1607.6
36 6 1608.3
40 6 1608.8
44 6 1609.3
48 6 1609.7
52 6 1610.1
56 6 1610.4
60 6 1610.7
20 6.25 1608.5
24 6.25 1609.9
28 6.25 1611.1
32 6.25 1612.1
36 6.25 1612.9
40 6.25 1613.6
44 6.25 1614.2
48 6.25 1614.8
52 6.25 1615.3
56 6.25 1615.7
60 6.25 1616.1
20 6.5 1610.4
24 6.5 1612.2
28 6.5 1613.6
32 6.5 1614.8
36 6.5 1615.8
40 6.5 1616.7
44 6.5 1617.5
48 6.5 1618.1
52 6.5 1618.8
56 6.5 1619.3
60 6.5 1619.8
20 6.75 1610.9
24 6.75 1612.9
28 6.75 1614.6
32 6.75 1615.9
36 6.75 1617.1
40 6.75 1618.2
44 6.75 1619.1
48 6.75 1619.9
52 6.75 1620.6
56 6.75 1621.3
60 6.75 1621.9
20 7 1610
24 7 1612.3
28 7 1614.1
32 7 1615.7
36 7 1617
40 7 1618.2
44 7 1619.2
48 7 1620.2
52 7 1621
56 7 1621.8
60 7 1622.5
20 7.25 1608.1
24 7.25 1610.5
28 7.25 1612.5
32 7.25 1614.2
36 7.25 1615.7
40 7.25 1617
44 7.25 1618.2
48 7.25 1619.2
52 7.25 1620.2
56 7.25 1621
60 7.25 1621.8
20 7.5 1605.4
24 7.5 1608
28 7.5 1610.1
32 7.5 1611.9
36 7.5 1613.5
40 7.5 1614.9
44 7.5 1616.1
48 7.5 1617.2
52 7.5 1618.3
56 7.5 1619.2
60 7.5 1620.1
20 7.75 1602.1
24 7.75 1604.8
28 7.75 1607
32 7.75 1608.9
36 7.75 1610.5
40 7.75 1612
44 7.75 1613.3
48 7.75 1614.5
52 7.75 1615.6
56 7.75 1616.6
60 7.75 1617.5
20 8 1598.4
24 8 1601.1
28 8 1603.4
32 8 1605.4
36 8 1607.1
40 8 1608.6
44 8 1609.9
48 8 1611.2
52 8 1612.3
56 8 1613.3
60 8 1614.3
20 8.25 1594.4
24 8.25 1597.2
28 8.25 1599.5
32 8.25 1601.5
36 8.25 1603.2
40 8.25 1604.8
44 8.25 1606.1
48 8.25 1607.4
52 8.25 1608.5
56 8.25 1609.6
60 8.25 1610.6
20 8.5 1590.2
24 8.5 1593
28 8.5 1595.3
32 8.5 1597.3
36 8.5 1599.1
40 8.5 1600.7
44 8.5 1602.1
48 8.5 1603.3
52 8.5 1604.5
56 8.5 1605.6
60 8.5 1606.5
20 8.75 1585.9
24 8.75 1588.7
28 8.75 1591
32 8.75 1593
36 8.75 1594.8
40 8.75 1596.3
44 8.75 1597.8
48 8.75 1599
52 8.75 1600.2
56 8.75 1601.3
60 8.75 1602.3
20 9 1581.4
24 9 1584.2
28 9 1586.6
32 9 1588.6
36 9 1590.3
40 9 1591.9
44 9 1593.3
48 9 1594.6
52 9 1595.8
56 9 1596.8
60 9 1597.8
20 9.25 1577
24 9.25 1579.8
28 9.25 1582.1
32 9.25 1584.1
36 9.25 1585.8
40 9.25 1587.4
44 9.25 1588.8
48 9.25 1590.1
52 9.25 1591.2
56 9.25 1592.3
60 9.25 1593.3
20 9.5 1572.5
24 9.5 1575.3
28 9.5 1577.6
32 9.5 1579.6
36 9.5 1581.3
40 9.5 1582.8
44 9.5 1584.2
48 9.5 1585.5
52 9.5 1586.6
56 9.5 1587.7
60 9.5 1588.7
20 9.75 1568.1
24 9.75 1570.8
28 9.75 1573.1
32 9.75 1575
36 9.75 1576.7
40 9.75 1578.3
44 9.75 1579.6
48 9.75 1580.9
52 9.75 1582
56 9.75 1583.1
60 9.75 1584
20 10 1563.6
24 10 1566.3
28 10 1568.6
32 10 1570.5
36 10 1572.2
40 10 1573.7
44 10 1575
48 10 1576.3
52 10 1577.4
56 10 1578.4
60 10 1579.4
];