cstarTable = [
20 6 1596.3
22 6 1597.1
24 6 1597.7
26 6 1598.4
28 6 1598.9
30 6 1599.4
32 6 1599.9
34 6 1600.3
36 6 1600.7
38 6 1601
40 6 1601.3
42 6 1601.7
44 6 1601.9
46 6 1602.2
48 6 1602.5
50 6 1602.7
52 6 1602.9
54 6 1603.2
56 6 1603.4
58 6 1603.6
60 6 1603.7
20 6.2 1598.6
22 6.2 1599.5
24 6.2 1600.3
26 6.2 1601
28 6.2 1601.6
30 6.2 1602.2
32 6.2 1602.7
34 6.2 1603.2
36 6.2 1603.7
38 6.2 1604.1
40 6.2 1604.5
42 6.2 1604.9
44 6.2 1605.3
46 6.2 1605.6
48 6.2 1605.9
50 6.2 1606.2
52 6.2 1606.5
54 6.2 1606.8
56 6.2 1607
58 6.2 1607.3
60 6.2 1607.5
20 6.4 1599.6
22 6.4 1600.7
24 6.4 1601.6
26 6.4 1602.4
28 6.4 1603.1
30 6.4 1603.8
32 6.4 1604.4
34 6.4 1605
36 6.4 1605.6
38 6.4 1606.1
40 6.4 1606.5
42 6.4 1607
44 6.4 1607.4
46 6.4 1607.8
48 6.4 1608.1
50 6.4 1608.5
52 6.4 1608.8
54 6.4 1609.1
56 6.4 1609.4
58 6.4 1609.7
60 6.4 1610
20 6.6 1599.7
22 6.6 1600.8
24 6.6 1601.8
26 6.6 1602.7
28 6.6 1603.6
30 6.6 1604.3
32 6.6 1605
34 6.6 1605.7
36 6.6 1606.3
38 6.6 1606.9
40 6.6 1607.4
42 6.6 1607.9
44 6.6 1608.4
46 6.6 1608.8
48 6.6 1609.3
50 6.6 1609.7
52 6.6 1610
54 6.6 1610.4
56 6.6 1610.8
58 6.6 1611.1
60 6.6 1611.4
20 6.8 1598.9
22 6.8 1600.1
24 6.8 1601.2
26 6.8 1602.2
28 6.8 1603.1
30 6.8 1603.9
32 6.8 1604.7
34 6.8 1605.4
36 6.8 1606.1
38 6.8 1606.7
40 6.8 1607.3
42 6.8 1607.9
44 6.8 1608.4
46 6.8 1608.9
48 6.8 1609.4
50 6.8 1609.8
52 6.8 1610.3
54 6.8 1610.7
56 6.8 1611.1
58 6.8 1611.4
60 6.8 1611.8
20 7 1597.4
22 7 1598.7
24 7 1599.9
26 7 1600.9
28 7 1601.9
30 7 1602.8
32 7 1603.6
34 7 1604.4
36 7 1605.1
38 7 1605.8
40 7 1606.4
42 7 1607
44 7 1607.6
46 7 1608.1
48 7 1608.7
50 7 1609.1
52 7 1609.6
54 7 1610.1
56 7 1610.5
58 7 1610.9
60 7 1611.3
20 7.2 1595.4
22 7.2 1596.8
24 7.2 1598
26 7.2 1599.1
28 7.2 1600.1
30 7.2 1601.1
32 7.2 1601.9
34 7.2 1602.7
36 7.2 1603.5
38 7.2 1604.2
40 7.2 1604.9
42 7.2 1605.5
44 7.2 1606.1
46 7.2 1606.7
48 7.2 1607.3
50 7.2 1607.8
52 7.2 1608.3
54 7.2 1608.7
56 7.2 1609.2
58 7.2 1609.6
60 7.2 1610.1
20 7.4 1593
22 7.4 1594.4
24 7.4 1595.6
26 7.4 1596.8
28 7.4 1597.8
30 7.4 1598.8
32 7.4 1599.7
34 7.4 1600.6
36 7.4 1601.4
38 7.4 1602.1
40 7.4 1602.8
42 7.4 1603.5
44 7.4 1604.1
46 7.4 1604.7
48 7.4 1605.3
50 7.4 1605.8
52 7.4 1606.4
54 7.4 1606.9
56 7.4 1607.3
58 7.4 1607.8
60 7.4 1608.2
20 7.6 1590.2
22 7.6 1591.7
24 7.6 1593
26 7.6 1594.1
28 7.6 1595.2
30 7.6 1596.2
32 7.6 1597.2
34 7.6 1598
36 7.6 1598.8
38 7.6 1599.6
40 7.6 1600.3
42 7.6 1601
44 7.6 1601.7
46 7.6 1602.3
48 7.6 1602.9
50 7.6 1603.5
52 7.6 1604
54 7.6 1604.5
56 7.6 1605
58 7.6 1605.5
60 7.6 1606
20 7.8 1587.3
22 7.8 1588.7
24 7.8 1590
26 7.8 1591.2
28 7.8 1592.3
30 7.8 1593.3
32 7.8 1594.3
34 7.8 1595.2
36 7.8 1596
38 7.8 1596.8
40 7.8 1597.5
42 7.8 1598.2
44 7.8 1598.9
46 7.8 1599.5
48 7.8 1600.2
50 7.8 1600.7
52 7.8 1601.3
54 7.8 1601.8
56 7.8 1602.3
58 7.8 1602.8
60 7.8 1603.3
20 8 1584.1
22 8 1585.6
24 8 1586.9
26 8 1588.1
28 8 1589.2
30 8 1590.2
32 8 1591.2
34 8 1592.1
36 8 1593
38 8 1593.7
40 8 1594.5
42 8 1595.2
44 8 1595.9
46 8 1596.5
48 8 1597.2
50 8 1597.7
52 8 1598.3
54 8 1598.9
56 8 1599.4
58 8 1599.9
60 8 1600.4
20 8.2 1580.8
22 8.2 1582.3
24 8.2 1583.6
26 8.2 1584.8
28 8.2 1585.9
30 8.2 1587
32 8.2 1588
34 8.2 1588.9
36 8.2 1589.7
38 8.2 1590.5
40 8.2 1591.3
42 8.2 1592
44 8.2 1592.7
46 8.2 1593.3
48 8.2 1594
50 8.2 1594.6
52 8.2 1595.1
54 8.2 1595.7
56 8.2 1596.2
58 8.2 1596.7
60 8.2 1597.2
20 8.4 1577.4
22 8.4 1578.9
24 8.4 1580.2
26 8.4 1581.5
28 8.4 1582.6
30 8.4 1583.6
32 8.4 1584.6
34 8.4 1585.5
36 8.4 1586.4
38 8.4 1587.2
40 8.4 1587.9
42 8.4 1588.7
44 8.4 1589.3
46 8.4 1590
48 8.4 1590.6
50 8.4 1591.2
52 8.4 1591.8
54 8.4 1592.4
56 8.4 1592.9
58 8.4 1593.4
60 8.4 1593.9
20 8.6 1574
22 8.6 1575.4
24 8.6 1576.8
26 8.6 1578
28 8.6 1579.1
30 8.6 1580.2
32 8.6 1581.2
34 8.6 1582.1
36 8.6 1582.9
38 8.6 1583.7
40 8.6 1584.5
42 8.6 1585.2
44 8.6 1585.9
46 8.6 1586.6
48 8.6 1587.2
50 8.6 1587.8
52 8.6 1588.4
54 8.6 1588.9
56 8.6 1589.4
58 8.6 1589.9
60 8.6 1590.4
20 8.8 1570.5
22 8.8 1572
24 8.8 1573.3
26 8.8 1574.5
28 8.8 1575.6
30 8.8 1576.7
32 8.8 1577.6
34 8.8 1578.6
36 8.8 1579.4
38 8.8 1580.2
40 8.8 1581
42 8.8 1581.7
44 8.8 1582.4
46 8.8 1583
48 8.8 1583.7
50 8.8 1584.3
52 8.8 1584.8
54 8.8 1585.4
56 8.8 1585.9
58 8.8 1586.4
60 8.8 1586.9
20 9 1567
22 9 1568.5
24 9 1569.8
26 9 1571
28 9 1572.1
30 9 1573.1
32 9 1574.1
34 9 1575
36 9 1575.9
38 9 1576.7
40 9 1577.4
42 9 1578.1
44 9 1578.8
46 9 1579.5
48 9 1580.1
50 9 1580.7
52 9 1581.3
54 9 1581.8
56 9 1582.3
58 9 1582.8
60 9 1583.3
20 9.2 1563.5
22 9.2 1564.9
24 9.2 1566.3
26 9.2 1567.5
28 9.2 1568.6
30 9.2 1569.6
32 9.2 1570.6
34 9.2 1571.4
36 9.2 1572.3
38 9.2 1573.1
40 9.2 1573.8
42 9.2 1574.6
44 9.2 1575.2
46 9.2 1575.9
48 9.2 1576.5
50 9.2 1577.1
52 9.2 1577.6
54 9.2 1578.2
56 9.2 1578.7
58 9.2 1579.2
60 9.2 1579.7
20 9.4 1560
22 9.4 1561.4
24 9.4 1562.7
26 9.4 1563.9
28 9.4 1565
30 9.4 1566
32 9.4 1567
34 9.4 1567.9
36 9.4 1568.7
38 9.4 1569.5
40 9.4 1570.2
42 9.4 1571
44 9.4 1571.6
46 9.4 1572.3
48 9.4 1572.9
50 9.4 1573.5
52 9.4 1574
54 9.4 1574.6
56 9.4 1575.1
58 9.4 1575.6
60 9.4 1576
20 9.6 1556.5
22 9.6 1557.9
24 9.6 1559.2
26 9.6 1560.4
28 9.6 1561.5
30 9.6 1562.5
32 9.6 1563.4
34 9.6 1564.3
36 9.6 1565.1
38 9.6 1565.9
40 9.6 1566.7
42 9.6 1567.3
44 9.6 1568
46 9.6 1568.6
48 9.6 1569.3
50 9.6 1569.8
52 9.6 1570.4
54 9.6 1570.9
56 9.6 1571.4
58 9.6 1571.9
60 9.6 1572.4
20 9.8 1553
22 9.8 1554.4
24 9.8 1555.7
26 9.8 1556.9
28 9.8 1558
30 9.8 1559
32 9.8 1559.9
34 9.8 1560.8
36 9.8 1561.6
38 9.8 1562.3
40 9.8 1563.1
42 9.8 1563.8
44 9.8 1564.4
46 9.8 1565
48 9.8 1565.6
50 9.8 1566.2
52 9.8 1566.7
54 9.8 1567.3
56 9.8 1567.8
58 9.8 1568.3
60 9.8 1568.7
20 10 1549.6
22 10 1551
24 10 1552.2
26 10 1553.4
28 10 1554.5
30 10 1555.4
32 10 1556.4
34 10 1557.2
36 10 1558
38 10 1558.8
40 10 1559.5
42 10 1560.2
44 10 1560.8
46 10 1561.4
48 10 1562
50 10 1562.6
52 10 1563.1
54 10 1563.6
56 10 1564.1
58 10 1564.6
60 10 1565.1
20 10.2 1546.2
22 10.2 1547.5
24 10.2 1548.8
26 10.2 1549.9
28 10.2 1551
30 10.2 1551.9
32 10.2 1552.8
34 10.2 1553.7
36 10.2 1554.5
38 10.2 1555.2
40 10.2 1555.9
42 10.2 1556.6
44 10.2 1557.3
46 10.2 1557.9
48 10.2 1558.4
50 10.2 1559
52 10.2 1559.5
54 10.2 1560
56 10.2 1560.5
58 10.2 1561
60 10.2 1561.4
];